F (N)     ,a_m (m)   ,b_m (m)   ,l_m (m)   ,l_h (m)   ,b_h (m)   ,W         ,T (C)     ,k_e       ,B (Tl)    ,k_m       ,k_mm      ,k_x       ,k_h       ,k_delta   ,k_p       ,P (Wt)    ,Price ($) 
15000     ,0.127611  ,0.13782   ,0.208644  ,0.365993  ,0.12876   ,2346      ,131.798   ,1.5       ,1.035     ,1.08      ,1.635     ,0.782     ,1.009     ,0.0422    ,1.216     ,1649.12   ,294.302   
15000     ,0.129294  ,0.13369   ,0.204932  ,0.360816  ,0.133561  ,2261.63   ,135.752   ,1.5       ,1.044     ,1.034     ,1.585     ,0.706     ,1.033     ,0.0245    ,1.36      ,1723.19   ,281.229   
15000     ,0.12283   ,0.125164  ,0.203284  ,0.343008  ,0.1302    ,2247.3    ,143.657   ,1.5       ,1.107     ,1.019     ,1.655     ,0.744     ,1.06      ,0.0323    ,1.344     ,1775.72   ,267.164   
15000     ,0.110086  ,0.119443  ,0.191549  ,0.353544  ,0.117792  ,2321.12   ,154.313   ,1.5       ,1.197     ,1.085     ,1.74      ,0.608     ,1.07      ,0.0368    ,1.696     ,2301      ,370.562   
15000     ,0.138745  ,0.151094  ,0.217136  ,0.39401   ,0.14818   ,2167.43   ,131.63    ,1.5       ,0.948     ,1.089     ,1.565     ,0.682     ,1.068     ,0.0413    ,1.488     ,1634.32   ,255.103   
15000     ,0.144742  ,0.145755  ,0.226521  ,0.37689   ,0.158058  ,1949.18   ,152.484   ,1.5       ,0.945     ,1.007     ,1.565     ,0.796     ,1.092     ,0.0218    ,1.288     ,1843.52   ,277.108   
15000     ,0.139193  ,0.150607  ,0.218534  ,0.389141  ,0.152556  ,2031.44   ,146.014   ,1.5       ,0.948     ,1.082     ,1.57      ,0.782     ,1.096     ,0.0314    ,1.44      ,1730.94   ,242.717   
15000     ,0.132495  ,0.145082  ,0.200067  ,0.392427  ,0.138589  ,2126.91   ,140.011   ,1.5       ,0.99      ,1.095     ,1.51      ,0.706     ,1.046     ,0.0431    ,1.928     ,1795.09   ,231.093   
15000     ,0.112611  ,0.119142  ,0.188623  ,0.342878  ,0.116439  ,2289.66   ,154.282   ,1.5       ,1.185     ,1.058     ,1.675     ,0.72      ,1.034     ,0.0443    ,1.608     ,2035.83   ,283.543   
15000     ,0.111486  ,0.119736  ,0.187297  ,0.348903  ,0.11773   ,2444.63   ,135.636   ,1.5       ,1.188     ,1.074     ,1.68      ,0.694     ,1.056     ,0.0257    ,1.664     ,1896.33   ,300.072   